7.806974331795689004e+00,7.187276924091535735e-01,-9.447415968465856295e+00,3.018761477933452397e+00,9.472695777103949055e+00,-7.025250774491421879e+00
2.612419708926847939e+00,6.312316047667517971e+00,3.648011181963642380e-01,-2.111085621754338060e-01,-1.745638334302622940e+00,-3.120519758771131968e+00
1.819417554622430044e+00,5.320824958391522586e+00,4.265547180111247672e-01,-6.642591507170173548e-01,-1.489008432725687392e+00,-3.115763069569565946e+00
2.120611123461594971e+00,5.699704835715667883e+00,3.551069747918771946e-01,-4.794622167532575086e-01,-1.646361609614952037e+00,-3.111515400869895309e+00
1.469226464626814099e+01,-1.001571505034526233e+01,-2.262198855381595308e+01,1.242330167267708241e+01,3.394541334973921209e+01,-5.308022671814945248e+00
3.311356435036853174e+00,5.181328048942339670e+00,-1.319620981440402074e+00,5.791036485650149362e-02,-6.298621508630976307e-02,-3.643423906739486462e+00
1.708695282330736864e+00,5.325405912311941492e+00,4.902306259641679431e-01,-6.439378110111454445e-01,-1.545523211416316212e+00,-3.096719055961022260e+00
8.968728881744777448e-01,2.554952789383673650e+00,-4.375989267219116963e-01,-8.071558451622053987e-01,-4.312265127475621851e-01,-3.511632746470615629e+00
2.572088328134889412e+00,6.259394439877076444e+00,2.363363116289443067e-01,-1.542959865041541312e-01,-1.614019406848390181e+00,-3.141259801046670574e+00
2.168212640404006131e-01,8.033750207355113693e-01,-5.909316412826060017e-01,-4.431889001159534658e-01,-3.291337986539837335e-01,-4.037810356856017080e+00
